*** Final results per agent ***

[ Agent RESC_1 ]

*** Consumed time ***
958.25 of 1000.00
     No found victims
     --------------------------------------
     CSV of found victims
     Ve1,Ve2,Ve3,Ve4,Veg
     0,0,0,0,0.0

     saved victims: (ID, Sev label, Sev value)
     (166, 1, 13.2)      (191, 2, 33.3)      (192, 3, 74.9)      (193, 4, 87.0)      (196, 2, 28.9)      (197, 4, 78.1)      (198, 2, 37.6)      (199, 1, 13.2)      (201, 2, 43.8)      (202, 2, 42.5)      (203, 2, 37.8)      (204, 2, 31.9)      (206, 1, 13.4)      (207, 1, 13.6)      (208, 1, 19.8)      (209, 3, 60.8)      (211, 1, 23.9)      (214, 1, 19.1)      (215, 2, 33.4)      (216, 2, 36.2)      (217, 2, 33.9)      (219, 3, 74.7)      (220, 3, 70.8)      (225, 2, 38.2)      (229, 2, 35.7)      (230, 3, 63.1)      (231, 2, 32.6)      (232, 3, 51.4)      (233, 4, 75.2)      (236, 2, 27.9)      (238, 2, 39.3)      (242, 1, 14.6)      (243, 2, 32.8)      (253, 2, 40.0)      (254, 2, 40.0)      (257, 1, 13.2)      (258, 2, 35.9)      (259, 2, 40.0)      (260, 4, 87.0)      (261, 1, 13.2)      (262, 1, 14.0)      (264, 2, 36.0)      (265, 2, 27.3)      (266, 2, 26.9)      (267, 2, 40.0)      (269, 2, 46.9)      (272, 2, 28.5)      (273, 3, 69.2)      (276, 3, 71.5)      (277, 2, 28.9)      (278, 1, 13.2)      (279, 2, 40.0)      (280, 1, 13.7)      (281, 2, 29.7)      (282, 2, 40.0)      (285, 2, 30.3)      (286, 1, 13.2)      (310, 1, 13.2)      (313, 3, 51.8)      (315, 4, 87.0)      (316, 2, 33.5)      (318, 1, 13.9)      (321, 1, 24.7)      (324, 2, 47.0)      (327, 1, 24.7)      (328, 1, 13.3)      (329, 2, 35.8)      (330, 2, 40.0)      (331, 2, 48.5)      (332, 3, 52.0)      (333, 2, 33.9)      (334, 2, 37.9)      (335, 1, 13.3)      (337, 2, 45.8)      (338, 4, 85.3)      (339, 2, 39.9)      (342, 1, 13.9)      (344, 2, 39.6)      (345, 2, 26.6)      (346, 2, 31.6)      (358, 2, 35.3)      (359, 2, 40.0)      (365, 2, 27.0)  

     Critical victims saved     (Vs1) =  21 out of 100 (21.0)%
     Instable victims saved     (Vs2) =  46 out of 235 (19.6)%
     Pot. inst. victims saved   (Vs3) =  10 out of 39 (25.6)%
     Stable victims saved       (Vs4) =   6 out of 26 (23.1)%
     --------------------------------------
     Total of saved victims     (Vs)  =  83 (20.75%)
     Weighted saved victims per severity (Vsg) = 0.21

     Sum of gravities of all saved victims = 3126.65 of a total of 14509.79
       % of gravities of all saved victims = 0.22
     --------------------------------------
     CSV of saved victims
     Vs1,Vs2,Vs3,Vs4,Vsg
     21,46,10,6,0.20581973030518097

[ Agent EXPL_1 ]

*** Consumed time ***
4960.25 of 5000.00

     found victims: (ID, Sev label, Sev value)
     (0, 2, 27.3)      (1, 1, 13.2)      (2, 2, 36.6)      (3, 2, 31.1)      (4, 2, 32.6)      (5, 2, 38.9)      (6, 2, 28.0)      (7, 2, 39.4)      (8, 1, 13.5)      (9, 1, 13.3)      (10, 2, 29.6)      (11, 2, 40.0)      (12, 1, 13.2)      (13, 3, 64.0)      (14, 1, 13.8)      (15, 1, 19.4)      (16, 2, 33.7)      (17, 2, 33.2)      (18, 2, 39.5)      (19, 2, 35.0)      (20, 2, 36.2)      (22, 1, 21.5)      (23, 2, 45.3)      (24, 2, 39.9)      (25, 2, 40.0)      (26, 2, 31.8)      (27, 3, 69.9)      (28, 2, 27.5)      (29, 2, 29.4)      (30, 2, 27.4)      (31, 2, 25.9)      (32, 2, 31.5)      (33, 2, 32.4)      (34, 1, 20.6)      (35, 2, 40.0)      (36, 1, 13.2)      (37, 2, 40.8)      (40, 2, 32.3)      (41, 1, 18.3)      (42, 1, 23.7)      (44, 2, 31.9)      (45, 3, 54.1)      (46, 2, 43.6)      (48, 2, 38.7)      (49, 2, 32.3)      (50, 2, 30.2)      (51, 3, 52.1)      (52, 2, 35.0)      (53, 2, 34.5)      (54, 2, 39.6)      (55, 2, 38.9)      (56, 1, 13.3)      (57, 1, 13.2)      (58, 1, 13.2)      (59, 2, 42.6)      (60, 2, 34.3)      (61, 2, 34.2)      (63, 1, 14.0)      (64, 2, 33.1)      (65, 4, 84.4)      (66, 3, 63.0)      (69, 2, 33.5)      (70, 3, 68.7)      (71, 2, 35.3)      (72, 3, 64.5)      (73, 1, 13.2)      (76, 1, 14.5)      (79, 2, 38.3)      (80, 2, 30.6)      (82, 2, 33.9)      (83, 1, 19.3)      (84, 2, 40.9)      (85, 1, 13.3)      (86, 2, 26.3)      (88, 1, 13.2)      (89, 2, 38.9)      (90, 1, 13.2)      (92, 2, 29.3)      (93, 3, 52.8)      (94, 3, 54.8)      (95, 2, 35.2)      (96, 1, 13.3)      (99, 2, 32.6)      (100, 2, 39.1)      (101, 1, 14.0)      (104, 1, 13.7)      (105, 2, 34.7)      (107, 2, 39.1)      (108, 2, 34.6)      (109, 3, 58.4)      (111, 2, 40.7)      (112, 4, 79.4)      (114, 2, 34.0)      (115, 1, 22.6)      (116, 2, 32.9)      (119, 1, 13.2)      (120, 2, 39.2)      (125, 2, 30.2)      (126, 2, 40.0)      (130, 2, 31.5)      (151, 1, 13.3)      (160, 2, 38.8)      (296, 1, 23.7)      (297, 2, 35.0)      (300, 1, 13.2)      (301, 4, 87.0)      (302, 2, 34.4)      (303, 2, 37.3)      (305, 2, 30.7)      (306, 2, 31.1)      (348, 1, 13.2)      (350, 2, 35.7)      (356, 2, 36.3)      (357, 1, 21.9)      (360, 4, 87.0)      (362, 2, 32.7)      (363, 1, 19.2)      (364, 1, 13.2)      (367, 2, 33.9)      (368, 2, 39.6)      (369, 3, 71.9)      (371, 1, 13.3)      (372, 3, 72.0)      (373, 3, 71.5)      (375, 2, 38.3)      (376, 2, 31.2)      (377, 3, 55.4)      (378, 1, 14.3)      (379, 2, 33.3)      (380, 4, 87.0)      (381, 2, 38.8)      (382, 2, 27.7)      (383, 2, 39.5)      (385, 2, 26.6)      (389, 2, 45.0)      (392, 2, 27.2)      (393, 2, 38.5)      (395, 4, 78.0)

     Critical victims found     (Ve1) =  35 out of 100 (35.0)%
     Instable victims found     (Ve2) =  83 out of 235 (35.3)%
     Pot. inst. victims found   (Ve3) =  14 out of 39 (35.9)%
     Stable victims found       (Ve4) =   6 out of 26 (23.1)%
     --------------------------------------
     Total of found victims     (Ve)  = 138 (34.50%)
     Weighted found victims per severity (Veg) = 0.35

     Sum of gravities of all found victims = 4818.63 of a total of 14509.79
       % of gravities of all found victims = 0.33
     --------------------------------------
     CSV of found victims
     Ve1,Ve2,Ve3,Ve4,Veg
     35,83,14,6,0.34989354151880764
     No saved victims
     --------------------------------------
     CSV of saved victims
     Vs1,Vs2,Vs3,Vs4,Vsg
     0,0,0,0,0.0

[ Agent EXPL_2 ]

*** Consumed time ***
4987.38 of 5000.00

     found victims: (ID, Sev label, Sev value)
     (38, 3, 50.9)      (39, 2, 27.6)      (47, 1, 13.3)      (57, 1, 13.2)      (58, 1, 13.2)      (62, 1, 13.6)      (63, 1, 14.0)      (67, 2, 32.7)      (68, 2, 30.9)      (74, 2, 40.2)      (75, 2, 33.9)      (77, 3, 51.2)      (81, 2, 41.9)      (87, 4, 82.3)      (97, 2, 27.5)      (106, 1, 14.1)      (110, 1, 13.3)      (113, 2, 44.5)      (117, 2, 34.3)      (118, 2, 40.0)      (121, 2, 35.0)      (122, 2, 33.2)      (123, 1, 13.2)      (124, 2, 29.1)      (127, 1, 13.3)      (128, 2, 36.6)      (131, 2, 39.2)      (132, 2, 28.1)      (133, 2, 38.9)      (134, 2, 40.0)      (135, 2, 30.0)      (136, 2, 26.5)      (137, 4, 83.5)      (138, 3, 54.1)      (139, 2, 36.1)      (140, 2, 31.9)      (141, 2, 32.9)      (142, 2, 30.8)      (143, 2, 37.5)      (144, 2, 37.4)      (145, 2, 32.2)      (146, 2, 36.3)      (152, 2, 42.8)      (154, 2, 28.5)      (155, 1, 13.3)      (156, 2, 30.0)      (161, 4, 84.5)      (165, 2, 48.9)      (168, 2, 25.0)      (170, 1, 13.8)      (171, 2, 46.9)      (173, 1, 13.5)      (175, 3, 68.2)      (177, 1, 24.0)      (178, 2, 37.6)      (179, 1, 18.8)      (184, 2, 43.0)      (185, 2, 35.6)      (186, 2, 38.4)      (187, 2, 30.3)      (188, 4, 87.0)      (189, 2, 40.0)      (190, 3, 71.2)      (191, 2, 33.3)      (192, 3, 74.9)      (193, 4, 87.0)      (194, 1, 13.2)      (195, 2, 49.4)      (196, 2, 28.9)      (197, 4, 78.1)      (198, 2, 37.6)      (199, 1, 13.2)      (200, 1, 13.3)      (201, 2, 43.8)      (202, 2, 42.5)      (203, 2, 37.8)      (204, 2, 31.9)      (205, 1, 13.3)      (206, 1, 13.4)      (207, 1, 13.6)      (208, 1, 19.8)      (209, 3, 60.8)      (210, 1, 13.3)      (211, 1, 23.9)      (212, 1, 13.2)      (213, 2, 33.6)      (214, 1, 19.1)      (215, 2, 33.4)      (216, 2, 36.2)      (217, 2, 33.9)      (218, 2, 35.1)      (219, 3, 74.7)      (220, 3, 70.8)      (221, 2, 29.7)      (222, 3, 57.5)      (223, 3, 65.4)      (224, 2, 31.8)      (225, 2, 38.2)      (226, 2, 33.8)      (227, 2, 28.4)      (228, 2, 40.0)      (229, 2, 35.7)      (230, 3, 63.1)      (231, 2, 32.6)      (232, 3, 51.4)      (233, 4, 75.2)      (234, 1, 13.2)      (235, 2, 37.5)      (236, 2, 27.9)      (237, 4, 80.6)      (238, 2, 39.3)      (239, 2, 35.3)      (240, 1, 13.3)      (241, 2, 37.6)      (242, 1, 14.6)      (243, 2, 32.8)      (244, 2, 43.7)      (245, 1, 24.8)      (246, 2, 40.0)      (247, 3, 62.5)      (248, 2, 29.2)      (249, 1, 13.2)      (250, 2, 38.6)      (251, 1, 14.5)      (252, 2, 34.6)      (253, 2, 40.0)      (254, 2, 40.0)      (255, 1, 13.3)      (256, 3, 57.5)      (257, 1, 13.2)      (258, 2, 35.9)      (259, 2, 40.0)      (260, 4, 87.0)      (261, 1, 13.2)      (262, 1, 14.0)      (263, 2, 33.0)      (264, 2, 36.0)      (265, 2, 27.3)      (266, 2, 26.9)      (267, 2, 40.0)      (268, 4, 78.4)      (269, 2, 46.9)      (270, 2, 40.0)      (271, 2, 26.0)      (272, 2, 28.5)      (273, 3, 69.2)      (274, 2, 40.0)      (275, 2, 40.0)      (276, 3, 71.5)      (277, 2, 28.9)      (278, 1, 13.2)      (279, 2, 40.0)      (280, 1, 13.7)      (281, 2, 29.7)      (282, 2, 40.0)      (283, 1, 13.9)      (284, 1, 13.2)      (285, 2, 30.3)      (286, 1, 13.2)      (287, 1, 13.3)      (288, 3, 74.8)      (289, 2, 39.1)      (290, 1, 13.9)      (291, 2, 42.3)      (292, 1, 13.2)      (293, 4, 87.0)      (294, 2, 36.2)      (295, 4, 87.0)      (296, 1, 23.7)      (307, 2, 39.8)      (308, 2, 28.8)      (309, 2, 35.7)      (310, 1, 13.2)      (311, 4, 79.5)      (312, 2, 39.4)      (313, 3, 51.8)      (314, 2, 43.9)      (315, 4, 87.0)      (316, 2, 33.5)      (318, 1, 13.9)      (320, 2, 33.2)      (321, 1, 24.7)      (322, 1, 13.9)      (323, 2, 37.1)      (324, 2, 47.0)      (325, 2, 35.3)      (326, 2, 49.6)      (327, 1, 24.7)      (328, 1, 13.3)      (329, 2, 35.8)      (330, 2, 40.0)      (331, 2, 48.5)      (332, 3, 52.0)      (333, 2, 33.9)      (334, 2, 37.9)      (335, 1, 13.3)      (336, 2, 47.0)      (337, 2, 45.8)      (338, 4, 85.3)      (339, 2, 39.9)      (341, 2, 33.1)      (342, 1, 13.9)      (343, 1, 13.9)      (344, 2, 39.6)      (345, 2, 26.6)      (346, 2, 31.6)      (354, 2, 26.9)      (359, 2, 40.0)      (365, 2, 27.0)      (386, 1, 24.1)      (387, 2, 32.1)      (388, 2, 43.1)      (390, 2, 28.9)      (396, 4, 75.5)      (397, 2, 32.8)      (399, 2, 39.3)

     Critical victims found     (Ve1) =  54 out of 100 (54.0)%
     Instable victims found     (Ve2) = 126 out of 235 (53.6)%
     Pot. inst. victims found   (Ve3) =  20 out of 39 (51.3)%
     Stable victims found       (Ve4) =  16 out of 26 (61.5)%
     --------------------------------------
     Total of found victims     (Ve)  = 216 (54.00%)
     Weighted found victims per severity (Veg) = 0.54

     Sum of gravities of all found victims = 7935.78 of a total of 14509.79
       % of gravities of all found victims = 0.55
     --------------------------------------
     CSV of found victims
     Ve1,Ve2,Ve3,Ve4,Veg
     54,126,20,16,0.5379701916252662
     No saved victims
     --------------------------------------
     CSV of saved victims
     Vs1,Vs2,Vs3,Vs4,Vsg
     0,0,0,0,0.0

[ Agent EXPL_3 ]

*** Consumed time ***
4972.50 of 5000.00

     found victims: (ID, Sev label, Sev value)
     (116, 2, 32.9)      (119, 1, 13.2)      (120, 2, 39.2)      (125, 2, 30.2)      (126, 2, 40.0)      (129, 2, 40.0)      (130, 2, 31.5)      (147, 2, 40.0)      (148, 1, 13.2)      (149, 2, 37.8)      (150, 4, 87.0)      (151, 1, 13.3)      (153, 4, 87.0)      (156, 2, 30.0)      (157, 1, 13.9)      (158, 2, 37.7)      (159, 1, 13.6)      (160, 2, 38.8)      (162, 2, 40.0)      (163, 2, 35.9)      (164, 3, 56.9)      (166, 1, 13.2)      (167, 3, 65.8)      (168, 2, 25.0)      (169, 1, 14.1)      (172, 2, 40.0)      (176, 2, 26.8)      (180, 1, 13.3)      (181, 1, 13.3)      (182, 1, 13.3)      (183, 1, 13.2)      (191, 2, 33.3)      (192, 3, 74.9)      (193, 4, 87.0)      (195, 2, 49.4)      (196, 2, 28.9)      (197, 4, 78.1)      (198, 2, 37.6)      (199, 1, 13.2)      (202, 2, 42.5)      (203, 2, 37.8)      (204, 2, 31.9)      (206, 1, 13.4)      (207, 1, 13.6)      (208, 1, 19.8)      (210, 1, 13.3)      (211, 1, 23.9)      (216, 2, 36.2)      (217, 2, 33.9)      (219, 3, 74.7)      (220, 3, 70.8)      (226, 2, 33.8)      (230, 3, 63.1)      (231, 2, 32.6)      (232, 3, 51.4)      (236, 2, 27.9)      (242, 1, 14.6)      (243, 2, 32.8)      (248, 2, 29.2)      (252, 2, 34.6)      (254, 2, 40.0)      (256, 3, 57.5)      (258, 2, 35.9)      (259, 2, 40.0)      (260, 4, 87.0)      (261, 1, 13.2)      (262, 1, 14.0)      (266, 2, 26.9)      (267, 2, 40.0)      (269, 2, 46.9)      (272, 2, 28.5)      (273, 3, 69.2)      (278, 1, 13.2)      (279, 2, 40.0)      (280, 1, 13.7)      (281, 2, 29.7)      (282, 2, 40.0)      (285, 2, 30.3)      (286, 1, 13.2)      (297, 2, 35.0)      (298, 3, 69.4)      (300, 1, 13.2)      (301, 4, 87.0)      (302, 2, 34.4)      (303, 2, 37.3)      (305, 2, 30.7)      (306, 2, 31.1)      (308, 2, 28.8)      (311, 4, 79.5)      (313, 3, 51.8)      (315, 4, 87.0)      (316, 2, 33.5)      (318, 1, 13.9)      (321, 1, 24.7)      (322, 1, 13.9)      (324, 2, 47.0)      (327, 1, 24.7)      (328, 1, 13.3)      (329, 2, 35.8)      (330, 2, 40.0)      (331, 2, 48.5)      (332, 3, 52.0)      (333, 2, 33.9)      (334, 2, 37.9)      (335, 1, 13.3)      (336, 2, 47.0)      (337, 2, 45.8)      (338, 4, 85.3)      (339, 2, 39.9)      (341, 2, 33.1)      (342, 1, 13.9)      (343, 1, 13.9)      (344, 2, 39.6)      (345, 2, 26.6)      (346, 2, 31.6)      (347, 2, 33.2)      (348, 1, 13.2)      (349, 2, 37.1)      (350, 2, 35.7)      (351, 2, 33.5)      (352, 1, 18.6)      (353, 2, 33.7)      (354, 2, 26.9)      (355, 2, 34.9)      (356, 2, 36.3)      (358, 2, 35.3)      (359, 2, 40.0)      (360, 4, 87.0)      (361, 2, 32.5)      (362, 2, 32.7)      (363, 1, 19.2)      (364, 1, 13.2)      (365, 2, 27.0)      (366, 2, 25.5)      (369, 3, 71.9)      (371, 1, 13.3)      (374, 2, 37.0)      (376, 2, 31.2)      (380, 4, 87.0)      (381, 2, 38.8)      (383, 2, 39.5)      (384, 3, 53.0)      (385, 2, 26.6)      (389, 2, 45.0)      (390, 2, 28.9)      (391, 2, 32.4)      (392, 2, 27.2)      (393, 2, 38.5)      (395, 4, 78.0)      (398, 2, 40.0)

     Critical victims found     (Ve1) =  37 out of 100 (37.0)%
     Instable victims found     (Ve2) =  87 out of 235 (37.0)%
     Pot. inst. victims found   (Ve3) =  14 out of 39 (35.9)%
     Stable victims found       (Ve4) =  12 out of 26 (46.2)%
     --------------------------------------
     Total of found victims     (Ve)  = 150 (37.50%)
     Weighted found victims per severity (Veg) = 0.37

     Sum of gravities of all found victims = 5521.37 of a total of 14509.79
       % of gravities of all found victims = 0.38
     --------------------------------------
     CSV of found victims
     Ve1,Ve2,Ve3,Ve4,Veg
     37,87,14,12,0.3711852377572747
     No saved victims
     --------------------------------------
     CSV of saved victims
     Vs1,Vs2,Vs3,Vs4,Vsg
     0,0,0,0,0.0

[ Agent EXPL_4 ]

*** Consumed time ***
4949.88 of 5000.00

     found victims: (ID, Sev label, Sev value)
     (0, 2, 27.3)      (1, 1, 13.2)      (2, 2, 36.6)      (3, 2, 31.1)      (4, 2, 32.6)      (5, 2, 38.9)      (6, 2, 28.0)      (7, 2, 39.4)      (8, 1, 13.5)      (10, 2, 29.6)      (11, 2, 40.0)      (13, 3, 64.0)      (14, 1, 13.8)      (15, 1, 19.4)      (16, 2, 33.7)      (17, 2, 33.2)      (18, 2, 39.5)      (19, 2, 35.0)      (20, 2, 36.2)      (22, 1, 21.5)      (23, 2, 45.3)      (24, 2, 39.9)      (25, 2, 40.0)      (26, 2, 31.8)      (27, 3, 69.9)      (28, 2, 27.5)      (29, 2, 29.4)      (30, 2, 27.4)      (31, 2, 25.9)      (32, 2, 31.5)      (35, 2, 40.0)      (36, 1, 13.2)      (37, 2, 40.8)      (40, 2, 32.3)      (41, 1, 18.3)      (42, 1, 23.7)      (44, 2, 31.9)      (45, 3, 54.1)      (46, 2, 43.6)      (48, 2, 38.7)      (49, 2, 32.3)      (50, 2, 30.2)      (51, 3, 52.1)      (52, 2, 35.0)      (53, 2, 34.5)      (55, 2, 38.9)      (56, 1, 13.3)      (59, 2, 42.6)      (61, 2, 34.2)      (62, 1, 13.6)      (64, 2, 33.1)      (66, 3, 63.0)      (69, 2, 33.5)      (70, 3, 68.7)      (71, 2, 35.3)      (72, 3, 64.5)      (73, 1, 13.2)      (76, 1, 14.5)      (77, 3, 51.2)      (78, 1, 13.7)      (79, 2, 38.3)      (80, 2, 30.6)      (82, 2, 33.9)      (83, 1, 19.3)      (84, 2, 40.9)      (85, 1, 13.3)      (86, 2, 26.3)      (88, 1, 13.2)      (89, 2, 38.9)      (90, 1, 13.2)      (92, 2, 29.3)      (93, 3, 52.8)      (94, 3, 54.8)      (95, 2, 35.2)      (96, 1, 13.3)      (99, 2, 32.6)      (100, 2, 39.1)      (101, 1, 14.0)      (103, 2, 41.7)      (104, 1, 13.7)      (105, 2, 34.7)      (107, 2, 39.1)      (108, 2, 34.6)      (109, 3, 58.4)      (111, 2, 40.7)      (112, 4, 79.4)      (114, 2, 34.0)      (115, 1, 22.6)      (116, 2, 32.9)      (119, 1, 13.2)      (120, 2, 39.2)      (125, 2, 30.2)      (126, 2, 40.0)      (129, 2, 40.0)      (130, 2, 31.5)      (132, 2, 28.1)      (148, 1, 13.2)      (149, 2, 37.8)      (150, 4, 87.0)      (151, 1, 13.3)      (158, 2, 37.7)      (160, 2, 38.8)      (164, 3, 56.9)      (172, 2, 40.0)      (289, 2, 39.1)      (291, 2, 42.3)      (296, 1, 23.7)      (297, 2, 35.0)      (298, 3, 69.4)      (300, 1, 13.2)      (301, 4, 87.0)      (302, 2, 34.4)      (303, 2, 37.3)      (304, 1, 24.6)      (305, 2, 30.7)      (306, 2, 31.1)      (347, 2, 33.2)      (348, 1, 13.2)      (350, 2, 35.7)      (351, 2, 33.5)      (353, 2, 33.7)      (355, 2, 34.9)      (356, 2, 36.3)      (357, 1, 21.9)      (360, 4, 87.0)      (361, 2, 32.5)      (362, 2, 32.7)      (363, 1, 19.2)      (364, 1, 13.2)      (366, 2, 25.5)      (367, 2, 33.9)      (368, 2, 39.6)      (369, 3, 71.9)      (371, 1, 13.3)      (372, 3, 72.0)      (373, 3, 71.5)      (375, 2, 38.3)      (376, 2, 31.2)      (377, 3, 55.4)      (378, 1, 14.3)      (379, 2, 33.3)      (380, 4, 87.0)      (381, 2, 38.8)      (382, 2, 27.7)      (383, 2, 39.5)      (385, 2, 26.6)      (386, 1, 24.1)      (389, 2, 45.0)      (391, 2, 32.4)      (392, 2, 27.2)      (393, 2, 38.5)      (395, 4, 78.0)      (398, 2, 40.0)

     Critical victims found     (Ve1) =  34 out of 100 (34.0)%
     Instable victims found     (Ve2) =  96 out of 235 (40.9)%
     Pot. inst. victims found   (Ve3) =  17 out of 39 (43.6)%
     Stable victims found       (Ve4) =   6 out of 26 (23.1)%
     --------------------------------------
     Total of found victims     (Ve)  = 153 (38.25%)
     Weighted found victims per severity (Veg) = 0.38

     Sum of gravities of all found victims = 5466.45 of a total of 14509.79
       % of gravities of all found victims = 0.38
     --------------------------------------
     CSV of found victims
     Ve1,Ve2,Ve3,Ve4,Veg
     34,96,17,6,0.37757274662881474
     No saved victims
     --------------------------------------
     CSV of saved victims
     Vs1,Vs2,Vs3,Vs4,Vsg
     0,0,0,0,0.0

[ Agent RESC_2 ]

*** Consumed time ***
979.75 of 1000.00
     No found victims
     --------------------------------------
     CSV of found victims
     Ve1,Ve2,Ve3,Ve4,Veg
     0,0,0,0,0.0

     saved victims: (ID, Sev label, Sev value)
     (142, 2, 30.8)      (148, 1, 13.2)      (153, 4, 87.0)      (154, 2, 28.5)      (155, 1, 13.3)      (157, 1, 13.9)      (161, 4, 84.5)      (162, 2, 40.0)      (163, 2, 35.9)      (165, 2, 48.9)      (167, 3, 65.8)      (168, 2, 25.0)      (169, 1, 14.1)      (171, 2, 46.9)      (173, 1, 13.5)      (175, 3, 68.2)      (176, 2, 26.8)      (177, 1, 24.0)      (178, 2, 37.6)      (179, 1, 18.8)      (180, 1, 13.3)      (181, 1, 13.3)      (182, 1, 13.3)      (185, 2, 35.6)      (186, 2, 38.4)      (187, 2, 30.3)      (188, 4, 87.0)      (189, 2, 40.0)      (190, 3, 71.2)      (195, 2, 49.4)      (201, 2, 43.8)      (212, 1, 13.2)      (221, 2, 29.7)      (222, 3, 57.5)      (227, 2, 28.4)      (228, 2, 40.0)      (234, 1, 13.2)      (235, 2, 37.5)      (237, 4, 80.6)      (239, 2, 35.3)      (240, 1, 13.3)      (244, 2, 43.7)      (245, 1, 24.8)      (246, 2, 40.0)      (247, 3, 62.5)      (249, 1, 13.2)      (250, 2, 38.6)      (251, 1, 14.5)      (255, 1, 13.3)      (256, 3, 57.5)      (263, 2, 33.0)      (264, 2, 36.0)      (268, 4, 78.4)      (270, 2, 40.0)      (271, 2, 26.0)      (274, 2, 40.0)      (275, 2, 40.0)      (283, 1, 13.9)      (284, 1, 13.2)      (288, 3, 74.8)      (290, 1, 13.9)      (293, 4, 87.0)      (295, 4, 87.0)      (307, 2, 39.8)      (308, 2, 28.8)      (309, 2, 35.7)      (311, 4, 79.5)      (312, 2, 39.4)      (314, 2, 43.9)      (320, 2, 33.2)      (322, 1, 13.9)      (323, 2, 37.1)      (325, 2, 35.3)      (326, 2, 49.6)      (349, 2, 37.1)      (350, 2, 35.7)      (351, 2, 33.5)      (354, 2, 26.9)      (366, 2, 25.5)      (384, 3, 53.0)      (386, 1, 24.1)      (388, 2, 43.1)      (390, 2, 28.9)  

     Critical victims saved     (Vs1) =  22 out of 100 (22.0)%
     Instable victims saved     (Vs2) =  45 out of 235 (19.1)%
     Pot. inst. victims saved   (Vs3) =   8 out of 39 (20.5)%
     Stable victims saved       (Vs4) =   8 out of 26 (30.8)%
     --------------------------------------
     Total of saved victims     (Vs)  =  83 (20.75%)
     Weighted saved victims per severity (Vsg) = 0.21

     Sum of gravities of all saved victims = 3156.21 of a total of 14509.79
       % of gravities of all saved victims = 0.22
     --------------------------------------
     CSV of saved victims
     Vs1,Vs2,Vs3,Vs4,Vsg
     22,45,8,8,0.20652945351312987

[ Agent RESC_3 ]

*** Consumed time ***
982.12 of 1000.00
     No found victims
     --------------------------------------
     CSV of found victims
     Ve1,Ve2,Ve3,Ve4,Veg
     0,0,0,0,0.0

     saved victims: (ID, Sev label, Sev value)
     (5, 2, 38.9)      (7, 2, 39.4)      (11, 2, 40.0)      (17, 2, 33.2)      (18, 2, 39.5)      (19, 2, 35.0)      (20, 2, 36.2)      (22, 1, 21.5)      (26, 2, 31.8)      (27, 3, 69.9)      (28, 2, 27.5)      (29, 2, 29.4)      (30, 2, 27.4)      (32, 2, 31.5)      (35, 2, 40.0)      (36, 1, 13.2)      (37, 2, 40.8)      (40, 2, 32.3)      (42, 1, 23.7)      (45, 3, 54.1)      (46, 2, 43.6)      (53, 2, 34.5)      (55, 2, 38.9)      (56, 1, 13.3)      (61, 2, 34.2)      (66, 3, 63.0)      (69, 2, 33.5)      (70, 3, 68.7)      (72, 3, 64.5)      (73, 1, 13.2)      (76, 1, 14.5)      (80, 2, 30.6)      (84, 2, 40.9)      (85, 1, 13.3)      (86, 2, 26.3)      (89, 2, 38.9)      (90, 1, 13.2)      (94, 3, 54.8)      (95, 2, 35.2)      (96, 1, 13.3)      (100, 2, 39.1)      (101, 1, 14.0)      (108, 2, 34.6)      (109, 3, 58.4)      (112, 4, 79.4)      (114, 2, 34.0)      (116, 2, 32.9)      (120, 2, 39.2)      (130, 2, 31.5)      (151, 1, 13.3)      (165, 2, 48.9)      (170, 1, 13.8)      (297, 2, 35.0)      (300, 1, 13.2)      (301, 4, 87.0)      (302, 2, 34.4)      (303, 2, 37.3)      (305, 2, 30.7)      (306, 2, 31.1)      (350, 2, 35.7)      (356, 2, 36.3)      (360, 4, 87.0)      (362, 2, 32.7)      (363, 1, 19.2)      (367, 2, 33.9)      (368, 2, 39.6)      (369, 3, 71.9)      (372, 3, 72.0)      (373, 3, 71.5)      (375, 2, 38.3)      (376, 2, 31.2)      (379, 2, 33.3)      (380, 4, 87.0)      (381, 2, 38.8)      (382, 2, 27.7)      (385, 2, 26.6)      (393, 2, 38.5)      (395, 4, 78.0)      (398, 2, 40.0)

     Critical victims saved     (Vs1) =  14 out of 100 (14.0)%
     Instable victims saved     (Vs2) =  50 out of 235 (21.3)%
     Pot. inst. victims saved   (Vs3) =  10 out of 39 (25.6)%
     Stable victims saved       (Vs4) =   5 out of 26 (19.2)%
     --------------------------------------
     Total of saved victims     (Vs)  =  79 (19.75%)
     Weighted saved victims per severity (Vsg) = 0.18

     Sum of gravities of all saved victims = 3040.72 of a total of 14509.79
       % of gravities of all saved victims = 0.21
     --------------------------------------
     CSV of saved victims
     Vs1,Vs2,Vs3,Vs4,Vsg
     14,50,10,5,0.18381831085876507

[ Agent RESC_4 ]

*** Consumed time ***
972.75 of 1000.00
     No found victims
     --------------------------------------
     CSV of found victims
     Ve1,Ve2,Ve3,Ve4,Veg
     0,0,0,0,0.0

     saved victims: (ID, Sev label, Sev value)
     (1, 1, 13.2)      (2, 2, 36.6)      (3, 2, 31.1)      (4, 2, 32.6)      (6, 2, 28.0)      (13, 3, 64.0)      (23, 2, 45.3)      (24, 2, 39.9)      (25, 2, 40.0)      (31, 2, 25.9)      (34, 1, 20.6)      (38, 3, 50.9)      (39, 2, 27.6)      (44, 2, 31.9)      (47, 1, 13.3)      (48, 2, 38.7)      (50, 2, 30.2)      (51, 3, 52.1)      (54, 2, 39.6)      (57, 1, 13.2)      (58, 1, 13.2)      (60, 2, 34.3)      (62, 1, 13.6)      (63, 1, 14.0)      (64, 2, 33.1)      (65, 4, 84.4)      (67, 2, 32.7)      (68, 2, 30.9)      (74, 2, 40.2)      (78, 1, 13.7)      (79, 2, 38.3)      (81, 2, 41.9)      (82, 2, 33.9)      (88, 1, 13.2)      (92, 2, 29.3)      (93, 3, 52.8)      (97, 2, 27.5)      (103, 2, 41.7)      (104, 1, 13.7)      (107, 2, 39.1)      (108, 2, 34.6)      (110, 1, 13.3)      (113, 2, 44.5)      (117, 2, 34.3)      (118, 2, 40.0)      (122, 2, 33.2)      (128, 2, 36.6)      (129, 2, 40.0)      (131, 2, 39.2)      (134, 2, 40.0)      (137, 4, 83.5)      (141, 2, 32.9)      (142, 2, 30.8)      (143, 2, 37.5)      (144, 2, 37.4)      (146, 2, 36.3)      (149, 2, 37.8)      (150, 4, 87.0)      (289, 2, 39.1)      (291, 2, 42.3)      (292, 1, 13.2)      (296, 1, 23.7)      (347, 2, 33.2)      (348, 1, 13.2)      (350, 2, 35.7)      (351, 2, 33.5)      (353, 2, 33.7)      (387, 2, 32.1)      (391, 2, 32.4)      (392, 2, 27.2)      (396, 4, 75.5)      (399, 2, 39.3)

     Critical victims saved     (Vs1) =  14 out of 100 (14.0)%
     Instable victims saved     (Vs2) =  50 out of 235 (21.3)%
     Pot. inst. victims saved   (Vs3) =   4 out of 39 (10.3)%
     Stable victims saved       (Vs4) =   4 out of 26 (15.4)%
     --------------------------------------
     Total of saved victims     (Vs)  =  72 (18.00%)
     Weighted saved victims per severity (Vsg) = 0.17

     Sum of gravities of all saved victims = 2528.64 of a total of 14509.79
       % of gravities of all saved victims = 0.17
     --------------------------------------
     CSV of saved victims
     Vs1,Vs2,Vs3,Vs4,Vsg
     14,50,4,4,0.17459190915542938

--------------


*** ACUMULATED RESULTS - FOR ALL AGENTS ***

 *** Numbers of Victims in the Environment ***
   Critical victims    (V1) = 100
   Instable victims    (V2) = 235
   Pot. inst. victims  (V3) =  39
   Stable victims      (V4) =  26
   --------------------------------------
   Total of victims    (V)  = 400
   Sum of all gravities(SG) = 14509.79
   --------------------------------------
   CSV of nb. total of victims
   V1,V2,V3,V4,SG
   100,235,39,26,14509.793248999993

 *** FOUND victims by all explorer agents ***

     found victims: (ID, Sev label, Sev value)
     (0, 2, 27.3)      (1, 1, 13.2)      (2, 2, 36.6)      (3, 2, 31.1)      (4, 2, 32.6)      (5, 2, 38.9)      (6, 2, 28.0)      (7, 2, 39.4)      (8, 1, 13.5)      (9, 1, 13.3)      (10, 2, 29.6)      (11, 2, 40.0)      (12, 1, 13.2)      (13, 3, 64.0)      (14, 1, 13.8)      (15, 1, 19.4)      (16, 2, 33.7)      (17, 2, 33.2)      (18, 2, 39.5)      (19, 2, 35.0)      (20, 2, 36.2)      (22, 1, 21.5)      (23, 2, 45.3)      (24, 2, 39.9)      (25, 2, 40.0)      (26, 2, 31.8)      (27, 3, 69.9)      (28, 2, 27.5)      (29, 2, 29.4)      (30, 2, 27.4)      (31, 2, 25.9)      (32, 2, 31.5)      (33, 2, 32.4)      (34, 1, 20.6)      (35, 2, 40.0)      (36, 1, 13.2)      (37, 2, 40.8)      (38, 3, 50.9)      (39, 2, 27.6)      (40, 2, 32.3)      (41, 1, 18.3)      (42, 1, 23.7)      (44, 2, 31.9)      (45, 3, 54.1)      (46, 2, 43.6)      (47, 1, 13.3)      (48, 2, 38.7)      (49, 2, 32.3)      (50, 2, 30.2)      (51, 3, 52.1)      (52, 2, 35.0)      (53, 2, 34.5)      (54, 2, 39.6)      (55, 2, 38.9)      (56, 1, 13.3)      (57, 1, 13.2)      (58, 1, 13.2)      (59, 2, 42.6)      (60, 2, 34.3)      (61, 2, 34.2)      (62, 1, 13.6)      (63, 1, 14.0)      (64, 2, 33.1)      (65, 4, 84.4)      (66, 3, 63.0)      (67, 2, 32.7)      (68, 2, 30.9)      (69, 2, 33.5)      (70, 3, 68.7)      (71, 2, 35.3)      (72, 3, 64.5)      (73, 1, 13.2)      (74, 2, 40.2)      (75, 2, 33.9)      (76, 1, 14.5)      (77, 3, 51.2)      (78, 1, 13.7)      (79, 2, 38.3)      (80, 2, 30.6)      (81, 2, 41.9)      (82, 2, 33.9)      (83, 1, 19.3)      (84, 2, 40.9)      (85, 1, 13.3)      (86, 2, 26.3)      (87, 4, 82.3)      (88, 1, 13.2)      (89, 2, 38.9)      (90, 1, 13.2)      (92, 2, 29.3)      (93, 3, 52.8)      (94, 3, 54.8)      (95, 2, 35.2)      (96, 1, 13.3)      (97, 2, 27.5)      (99, 2, 32.6)      (100, 2, 39.1)      (101, 1, 14.0)      (103, 2, 41.7)      (104, 1, 13.7)      (105, 2, 34.7)      (106, 1, 14.1)      (107, 2, 39.1)      (108, 2, 34.6)      (109, 3, 58.4)      (110, 1, 13.3)      (111, 2, 40.7)      (112, 4, 79.4)      (113, 2, 44.5)      (114, 2, 34.0)      (115, 1, 22.6)      (116, 2, 32.9)      (117, 2, 34.3)      (118, 2, 40.0)      (119, 1, 13.2)      (120, 2, 39.2)      (121, 2, 35.0)      (122, 2, 33.2)      (123, 1, 13.2)      (124, 2, 29.1)      (125, 2, 30.2)      (126, 2, 40.0)      (127, 1, 13.3)      (128, 2, 36.6)      (129, 2, 40.0)      (130, 2, 31.5)      (131, 2, 39.2)      (132, 2, 28.1)      (133, 2, 38.9)      (134, 2, 40.0)      (135, 2, 30.0)      (136, 2, 26.5)      (137, 4, 83.5)      (138, 3, 54.1)      (139, 2, 36.1)      (140, 2, 31.9)      (141, 2, 32.9)      (142, 2, 30.8)      (143, 2, 37.5)      (144, 2, 37.4)      (145, 2, 32.2)      (146, 2, 36.3)      (147, 2, 40.0)      (148, 1, 13.2)      (149, 2, 37.8)      (150, 4, 87.0)      (151, 1, 13.3)      (152, 2, 42.8)      (153, 4, 87.0)      (154, 2, 28.5)      (155, 1, 13.3)      (156, 2, 30.0)      (157, 1, 13.9)      (158, 2, 37.7)      (159, 1, 13.6)      (160, 2, 38.8)      (161, 4, 84.5)      (162, 2, 40.0)      (163, 2, 35.9)      (164, 3, 56.9)      (165, 2, 48.9)      (166, 1, 13.2)      (167, 3, 65.8)      (168, 2, 25.0)      (169, 1, 14.1)      (170, 1, 13.8)      (171, 2, 46.9)      (172, 2, 40.0)      (173, 1, 13.5)      (175, 3, 68.2)      (176, 2, 26.8)      (177, 1, 24.0)      (178, 2, 37.6)      (179, 1, 18.8)      (180, 1, 13.3)      (181, 1, 13.3)      (182, 1, 13.3)      (183, 1, 13.2)      (184, 2, 43.0)      (185, 2, 35.6)      (186, 2, 38.4)      (187, 2, 30.3)      (188, 4, 87.0)      (189, 2, 40.0)      (190, 3, 71.2)      (191, 2, 33.3)      (192, 3, 74.9)      (193, 4, 87.0)      (194, 1, 13.2)      (195, 2, 49.4)      (196, 2, 28.9)      (197, 4, 78.1)      (198, 2, 37.6)      (199, 1, 13.2)      (200, 1, 13.3)      (201, 2, 43.8)      (202, 2, 42.5)      (203, 2, 37.8)      (204, 2, 31.9)      (205, 1, 13.3)      (206, 1, 13.4)      (207, 1, 13.6)      (208, 1, 19.8)      (209, 3, 60.8)      (210, 1, 13.3)      (211, 1, 23.9)      (212, 1, 13.2)      (213, 2, 33.6)      (214, 1, 19.1)      (215, 2, 33.4)      (216, 2, 36.2)      (217, 2, 33.9)      (218, 2, 35.1)      (219, 3, 74.7)      (220, 3, 70.8)      (221, 2, 29.7)      (222, 3, 57.5)      (223, 3, 65.4)      (224, 2, 31.8)      (225, 2, 38.2)      (226, 2, 33.8)      (227, 2, 28.4)      (228, 2, 40.0)      (229, 2, 35.7)      (230, 3, 63.1)      (231, 2, 32.6)      (232, 3, 51.4)      (233, 4, 75.2)      (234, 1, 13.2)      (235, 2, 37.5)      (236, 2, 27.9)      (237, 4, 80.6)      (238, 2, 39.3)      (239, 2, 35.3)      (240, 1, 13.3)      (241, 2, 37.6)      (242, 1, 14.6)      (243, 2, 32.8)      (244, 2, 43.7)      (245, 1, 24.8)      (246, 2, 40.0)      (247, 3, 62.5)      (248, 2, 29.2)      (249, 1, 13.2)      (250, 2, 38.6)      (251, 1, 14.5)      (252, 2, 34.6)      (253, 2, 40.0)      (254, 2, 40.0)      (255, 1, 13.3)      (256, 3, 57.5)      (257, 1, 13.2)      (258, 2, 35.9)      (259, 2, 40.0)      (260, 4, 87.0)      (261, 1, 13.2)      (262, 1, 14.0)      (263, 2, 33.0)      (264, 2, 36.0)      (265, 2, 27.3)      (266, 2, 26.9)      (267, 2, 40.0)      (268, 4, 78.4)      (269, 2, 46.9)      (270, 2, 40.0)      (271, 2, 26.0)      (272, 2, 28.5)      (273, 3, 69.2)      (274, 2, 40.0)      (275, 2, 40.0)      (276, 3, 71.5)      (277, 2, 28.9)      (278, 1, 13.2)      (279, 2, 40.0)      (280, 1, 13.7)      (281, 2, 29.7)      (282, 2, 40.0)      (283, 1, 13.9)      (284, 1, 13.2)      (285, 2, 30.3)      (286, 1, 13.2)      (287, 1, 13.3)      (288, 3, 74.8)      (289, 2, 39.1)      (290, 1, 13.9)      (291, 2, 42.3)      (292, 1, 13.2)      (293, 4, 87.0)      (294, 2, 36.2)      (295, 4, 87.0)      (296, 1, 23.7)      (297, 2, 35.0)      (298, 3, 69.4)      (300, 1, 13.2)      (301, 4, 87.0)      (302, 2, 34.4)      (303, 2, 37.3)      (304, 1, 24.6)      (305, 2, 30.7)      (306, 2, 31.1)      (307, 2, 39.8)      (308, 2, 28.8)      (309, 2, 35.7)      (310, 1, 13.2)      (311, 4, 79.5)      (312, 2, 39.4)      (313, 3, 51.8)      (314, 2, 43.9)      (315, 4, 87.0)      (316, 2, 33.5)      (318, 1, 13.9)      (320, 2, 33.2)      (321, 1, 24.7)      (322, 1, 13.9)      (323, 2, 37.1)      (324, 2, 47.0)      (325, 2, 35.3)      (326, 2, 49.6)      (327, 1, 24.7)      (328, 1, 13.3)      (329, 2, 35.8)      (330, 2, 40.0)      (331, 2, 48.5)      (332, 3, 52.0)      (333, 2, 33.9)      (334, 2, 37.9)      (335, 1, 13.3)      (336, 2, 47.0)      (337, 2, 45.8)      (338, 4, 85.3)      (339, 2, 39.9)      (341, 2, 33.1)      (342, 1, 13.9)      (343, 1, 13.9)      (344, 2, 39.6)      (345, 2, 26.6)      (346, 2, 31.6)      (347, 2, 33.2)      (348, 1, 13.2)      (349, 2, 37.1)      (350, 2, 35.7)      (351, 2, 33.5)      (352, 1, 18.6)      (353, 2, 33.7)      (354, 2, 26.9)      (355, 2, 34.9)      (356, 2, 36.3)      (357, 1, 21.9)      (358, 2, 35.3)      (359, 2, 40.0)      (360, 4, 87.0)      (361, 2, 32.5)      (362, 2, 32.7)      (363, 1, 19.2)      (364, 1, 13.2)      (365, 2, 27.0)      (366, 2, 25.5)      (367, 2, 33.9)      (368, 2, 39.6)      (369, 3, 71.9)      (371, 1, 13.3)      (372, 3, 72.0)      (373, 3, 71.5)      (374, 2, 37.0)      (375, 2, 38.3)      (376, 2, 31.2)      (377, 3, 55.4)      (378, 1, 14.3)      (379, 2, 33.3)      (380, 4, 87.0)      (381, 2, 38.8)      (382, 2, 27.7)      (383, 2, 39.5)      (384, 3, 53.0)      (385, 2, 26.6)      (386, 1, 24.1)      (387, 2, 32.1)      (388, 2, 43.1)      (389, 2, 45.0)      (390, 2, 28.9)      (391, 2, 32.4)      (392, 2, 27.2)      (393, 2, 38.5)      (395, 4, 78.0)      (396, 4, 75.5)      (397, 2, 32.8)      (398, 2, 40.0)      (399, 2, 39.3)

     Critical victims found     (Ve1) =  97 out of 100 (97.0)%
     Instable victims found     (Ve2) = 229 out of 235 (97.4)%
     Pot. inst. victims found   (Ve3) =  38 out of 39 (97.4)%
     Stable victims found       (Ve4) =  24 out of 26 (92.3)%
     --------------------------------------
     Total of found victims     (Ve)  = 388 (97.00%)
     Weighted found victims per severity (Veg) = 0.97

     Sum of gravities of all found victims = 14002.31 of a total of 14509.79
       % of gravities of all found victims = 0.97
     --------------------------------------
     CSV of found victims
     Ve1,Ve2,Ve3,Ve4,Veg
     97,229,38,24,0.971611071682044

 *** SAVED victims by all rescuer agents ***

     saved victims: (ID, Sev label, Sev value)
     (1, 1, 13.2)      (2, 2, 36.6)      (3, 2, 31.1)      (4, 2, 32.6)      (5, 2, 38.9)      (6, 2, 28.0)      (7, 2, 39.4)      (11, 2, 40.0)      (13, 3, 64.0)      (17, 2, 33.2)      (18, 2, 39.5)      (19, 2, 35.0)      (20, 2, 36.2)      (22, 1, 21.5)      (23, 2, 45.3)      (24, 2, 39.9)      (25, 2, 40.0)      (26, 2, 31.8)      (27, 3, 69.9)      (28, 2, 27.5)      (29, 2, 29.4)      (30, 2, 27.4)      (31, 2, 25.9)      (32, 2, 31.5)      (34, 1, 20.6)      (35, 2, 40.0)      (36, 1, 13.2)      (37, 2, 40.8)      (38, 3, 50.9)      (39, 2, 27.6)      (40, 2, 32.3)      (42, 1, 23.7)      (44, 2, 31.9)      (45, 3, 54.1)      (46, 2, 43.6)      (47, 1, 13.3)      (48, 2, 38.7)      (50, 2, 30.2)      (51, 3, 52.1)      (53, 2, 34.5)      (54, 2, 39.6)      (55, 2, 38.9)      (56, 1, 13.3)      (57, 1, 13.2)      (58, 1, 13.2)      (60, 2, 34.3)      (61, 2, 34.2)      (62, 1, 13.6)      (63, 1, 14.0)      (64, 2, 33.1)      (65, 4, 84.4)      (66, 3, 63.0)      (67, 2, 32.7)      (68, 2, 30.9)      (69, 2, 33.5)      (70, 3, 68.7)      (72, 3, 64.5)      (73, 1, 13.2)      (74, 2, 40.2)      (76, 1, 14.5)      (78, 1, 13.7)      (79, 2, 38.3)      (80, 2, 30.6)      (81, 2, 41.9)      (82, 2, 33.9)      (84, 2, 40.9)      (85, 1, 13.3)      (86, 2, 26.3)      (88, 1, 13.2)      (89, 2, 38.9)      (90, 1, 13.2)      (92, 2, 29.3)      (93, 3, 52.8)      (94, 3, 54.8)      (95, 2, 35.2)      (96, 1, 13.3)      (97, 2, 27.5)      (100, 2, 39.1)      (101, 1, 14.0)      (103, 2, 41.7)      (104, 1, 13.7)      (107, 2, 39.1)      (108, 2, 34.6)      (109, 3, 58.4)      (110, 1, 13.3)      (112, 4, 79.4)      (113, 2, 44.5)      (114, 2, 34.0)      (116, 2, 32.9)      (117, 2, 34.3)      (118, 2, 40.0)      (120, 2, 39.2)      (122, 2, 33.2)      (128, 2, 36.6)      (129, 2, 40.0)      (130, 2, 31.5)      (131, 2, 39.2)      (134, 2, 40.0)      (137, 4, 83.5)      (141, 2, 32.9)      (142, 2, 30.8)      (143, 2, 37.5)      (144, 2, 37.4)      (146, 2, 36.3)      (148, 1, 13.2)      (149, 2, 37.8)      (150, 4, 87.0)      (151, 1, 13.3)      (153, 4, 87.0)      (154, 2, 28.5)      (155, 1, 13.3)      (157, 1, 13.9)      (161, 4, 84.5)      (162, 2, 40.0)      (163, 2, 35.9)      (165, 2, 48.9)      (166, 1, 13.2)      (167, 3, 65.8)      (168, 2, 25.0)      (169, 1, 14.1)      (170, 1, 13.8)      (171, 2, 46.9)      (173, 1, 13.5)      (175, 3, 68.2)      (176, 2, 26.8)      (177, 1, 24.0)      (178, 2, 37.6)      (179, 1, 18.8)      (180, 1, 13.3)      (181, 1, 13.3)      (182, 1, 13.3)      (185, 2, 35.6)      (186, 2, 38.4)      (187, 2, 30.3)      (188, 4, 87.0)      (189, 2, 40.0)      (190, 3, 71.2)      (191, 2, 33.3)      (192, 3, 74.9)      (193, 4, 87.0)      (195, 2, 49.4)      (196, 2, 28.9)      (197, 4, 78.1)      (198, 2, 37.6)      (199, 1, 13.2)      (201, 2, 43.8)      (202, 2, 42.5)      (203, 2, 37.8)      (204, 2, 31.9)      (206, 1, 13.4)      (207, 1, 13.6)      (208, 1, 19.8)      (209, 3, 60.8)      (211, 1, 23.9)      (212, 1, 13.2)      (214, 1, 19.1)      (215, 2, 33.4)      (216, 2, 36.2)      (217, 2, 33.9)      (219, 3, 74.7)      (220, 3, 70.8)      (221, 2, 29.7)      (222, 3, 57.5)      (225, 2, 38.2)      (227, 2, 28.4)      (228, 2, 40.0)      (229, 2, 35.7)      (230, 3, 63.1)      (231, 2, 32.6)      (232, 3, 51.4)      (233, 4, 75.2)      (234, 1, 13.2)      (235, 2, 37.5)      (236, 2, 27.9)      (237, 4, 80.6)      (238, 2, 39.3)      (239, 2, 35.3)      (240, 1, 13.3)      (242, 1, 14.6)      (243, 2, 32.8)      (244, 2, 43.7)      (245, 1, 24.8)      (246, 2, 40.0)      (247, 3, 62.5)      (249, 1, 13.2)      (250, 2, 38.6)      (251, 1, 14.5)      (253, 2, 40.0)      (254, 2, 40.0)      (255, 1, 13.3)      (256, 3, 57.5)      (257, 1, 13.2)      (258, 2, 35.9)      (259, 2, 40.0)      (260, 4, 87.0)      (261, 1, 13.2)      (262, 1, 14.0)      (263, 2, 33.0)      (264, 2, 36.0)      (265, 2, 27.3)      (266, 2, 26.9)      (267, 2, 40.0)      (268, 4, 78.4)      (269, 2, 46.9)      (270, 2, 40.0)      (271, 2, 26.0)      (272, 2, 28.5)      (273, 3, 69.2)      (274, 2, 40.0)      (275, 2, 40.0)      (276, 3, 71.5)      (277, 2, 28.9)      (278, 1, 13.2)      (279, 2, 40.0)      (280, 1, 13.7)      (281, 2, 29.7)      (282, 2, 40.0)      (283, 1, 13.9)      (284, 1, 13.2)      (285, 2, 30.3)      (286, 1, 13.2)      (288, 3, 74.8)      (289, 2, 39.1)      (290, 1, 13.9)      (291, 2, 42.3)      (292, 1, 13.2)      (293, 4, 87.0)      (295, 4, 87.0)      (296, 1, 23.7)      (297, 2, 35.0)      (300, 1, 13.2)      (301, 4, 87.0)      (302, 2, 34.4)      (303, 2, 37.3)      (305, 2, 30.7)      (306, 2, 31.1)      (307, 2, 39.8)      (308, 2, 28.8)      (309, 2, 35.7)      (310, 1, 13.2)      (311, 4, 79.5)      (312, 2, 39.4)      (313, 3, 51.8)      (314, 2, 43.9)      (315, 4, 87.0)      (316, 2, 33.5)      (318, 1, 13.9)      (320, 2, 33.2)      (321, 1, 24.7)      (322, 1, 13.9)      (323, 2, 37.1)      (324, 2, 47.0)      (325, 2, 35.3)      (326, 2, 49.6)      (327, 1, 24.7)      (328, 1, 13.3)      (329, 2, 35.8)      (330, 2, 40.0)      (331, 2, 48.5)      (332, 3, 52.0)      (333, 2, 33.9)      (334, 2, 37.9)      (335, 1, 13.3)      (337, 2, 45.8)      (338, 4, 85.3)      (339, 2, 39.9)      (342, 1, 13.9)      (344, 2, 39.6)      (345, 2, 26.6)      (346, 2, 31.6)      (347, 2, 33.2)      (348, 1, 13.2)      (349, 2, 37.1)      (350, 2, 35.7)      (351, 2, 33.5)      (353, 2, 33.7)      (354, 2, 26.9)      (356, 2, 36.3)      (358, 2, 35.3)      (359, 2, 40.0)      (360, 4, 87.0)      (362, 2, 32.7)      (363, 1, 19.2)      (365, 2, 27.0)      (366, 2, 25.5)      (367, 2, 33.9)      (368, 2, 39.6)      (369, 3, 71.9)      (372, 3, 72.0)      (373, 3, 71.5)      (375, 2, 38.3)      (376, 2, 31.2)      (379, 2, 33.3)      (380, 4, 87.0)      (381, 2, 38.8)      (382, 2, 27.7)      (384, 3, 53.0)      (385, 2, 26.6)      (396, 4, 75.5)      (398, 2, 40.0)      (399, 2, 39.3)

     Critical victims saved     (Vs1) =  71 out of 100 (71.0)%
     Instable victims saved     (Vs2) = 183 out of 235 (77.9)%
     Pot. inst. victims saved   (Vs3) =  32 out of 39 (82.1)%
     Stable victims saved       (Vs4) =  23 out of 26 (88.5)%
     --------------------------------------
     Total of saved victims     (Vs)  = 309 (77.25%)
     Weighted saved victims per severity (Vsg) = 0.75

     Sum of gravities of all saved victims = 11553.25 of a total of 14509.79
       % of gravities of all saved victims = 0.80
     --------------------------------------
     CSV of saved victims
     Vs1,Vs2,Vs3,Vs4,Vsg
     71,183,32,23,0.7537260468417317

 *** END OF STATS ***